MODE 2
SIZE 11/70
LIMIT 0/35
COLOR LIMIT 4
STARS 500/1500/3000
POWERUPS 0/0/0/0
0 17 12 15 16 11 16 15 12 17 0
0 17 12 15 16 16 15 12 17 0 0
0 0 17 12 15 16 15 12 17 0 0
0 17 14 14 18 18 13 13 17 0 0
0 0 17 14 18 18 18 13 17 0 0
0 0 18 18 18 18 18 18 18 0 0
0 0 6 6 6 6 6 6 6 6 0
0 0 6 6 6 0 6 6 6 0 0
0 0 0 6 6 0 0 6 6 0 0
0 0 0 6 0 0 0 6 0 0 0
0 0 0 6 0 0 0 0 6 0 0
0 0 6 6 6 6 6 6 6 0 0
0 0 6 6 6 6 6 6 6 6 0
0 6 6 0 0 0 0 0 6 6 0
0 0 6 6 0 0 0 0 6 6 0
0 0 0 6 0 0 0 6 0 0 0
0 0 0 0 6 0 0 6 0 0 0
0 0 0 0 6 0 6 0 0 0 0
0 0 0 0 0 6 6 0 0 0 0
0 0 0 0 6 6 6 0 0 0 0
0 0 0 0 6 0 0 6 0 0 0
0 0 0 6 6 6 6 6 0 0 0
0 0 0 6 0 0 0 0 6 0 0
0 0 6 0 0 0 0 0 6 0 0
0 0 6 6 0 0 0 0 6 6 0
0 0 6 0 0 0 0 0 6 0 0
0 0 6 6 0 0 0 0 6 6 0
0 0 6 0 0 0 0 0 6 0 0
0 0 0 0 0 0 0 0 0 0 0
0 0 0 0 0 0 0 0 0 0 0
0 0 0 0 0 0 0 0 0 0 0
0 0 0 0 0 0 0 0 0 0 0
0 0 0 0 0 0 0 0 0 0 0
0 0 0 0 0 0 0 0 0 0 0
0 0 0 0 0 0 0 0 0 0 0
0 0 0 0 0 0 0 0 0 0 0
0 0 0 0 0 0 0 0 0 0 0
0 0 0 0 0 0 0 0 0 0 0
0 0 0 0 0 0 0 0 0 0 0
0 0 0 0 0 0 0 0 0 0 0
0 0 0 0 0 0 0 0 0 0 0
0 0 0 0 0 0 0 0 0 0 0
0 0 0 0 0 0 0 0 0 0 0
0 0 0 0 0 0 0 0 0 0 0
0 0 0 0 0 0 0 0 0 0 0
0 0 0 0 0 0 0 0 0 0 0
0 0 0 0 0 0 0 0 0 0 0
0 0 0 0 0 0 0 0 0 0 0
0 0 0 0 0 0 0 0 0 0 0
0 0 0 0 0 0 0 0 0 0 0
0 0 0 0 0 0 0 0 0 0 0
0 0 0 0 0 0 0 0 0 0 0
0 0 0 0 0 0 0 0 0 0 0
0 0 0 0 0 0 0 0 0 0 0
0 0 0 0 0 0 0 0 0 0 0
0 0 0 0 0 0 0 0 0 0 0
0 0 0 0 0 0 0 0 0 0 0
0 0 0 0 0 0 0 0 0 0 0
0 0 0 0 0 0 0 0 0 0 0
0 0 0 0 0 0 0 0 0 0 0
0 0 0 0 0 0 0 0 0 0 0
0 0 0 0 0 0 0 0 0 0 0
0 0 0 0 0 0 0 0 0 0 0
0 0 0 0 0 0 0 0 0 0 0
0 0 0 0 0 0 0 0 0 0 0
0 0 0 0 0 0 0 0 0 0 0
0 0 0 0 0 0 0 0 0 0 0
0 0 0 0 0 0 0 0 0 0 0
0 0 0 0 0 0 0 0 0 0 0
0 0 0 0 0 0 0 0 0 0 0