MODE 2
SIZE 11/70
LIMIT 0/14
COLOR LIMIT 5
STARS 700/2000/3300
POWERUPS 0/0/0/0
6 6 6 14 6 10 6 6 6 6 6
0 6 0 0 6 6 0 0 6 0 0
0 0 6 0 0 6 0 0 0 6 0
0 9 0 0 6 6 0 0 9 0 0
0 1 1 0 0 2 0 0 5 5 0
1 10 1 17 2 2 17 5 14 5 0
0 1 1 0 0 2 0 0 5 5 0
0 6 0 0 6 6 0 0 6 0 0
0 0 6 0 0 6 0 0 6 0 0
0 6 0 0 6 6 0 0 6 0 0
0 0 6 0 0 9 0 0 6 0 0
0 2 2 0 5 5 0 1 1 0 0
0 2 11 2 17 5 17 1 10 1 0
0 2 2 0 5 5 0 1 1 0 0
0 0 6 0 0 6 0 0 6 0 0
0 6 0 0 6 6 0 0 6 0 0
0 0 6 0 0 6 0 0 6 0 0
0 9 0 0 6 6 0 0 9 0 0
0 5 5 0 0 1 0 0 2 2 0
5 14 5 17 1 1 17 2 11 2 0
0 5 5 0 0 1 0 0 2 2 0
0 0 0 0 0 0 0 0 0 0 0
0 0 0 0 0 0 0 0 0 0 0
0 0 0 0 0 0 0 0 0 0 0
0 0 0 0 0 0 0 0 0 0 0
0 0 0 0 0 0 0 0 0 0 0
0 0 0 0 0 0 0 0 0 0 0
0 0 0 0 0 0 0 0 0 0 0
0 0 0 0 0 0 0 0 0 0 0
0 0 0 0 0 0 0 0 0 0 0
0 0 0 0 0 0 0 0 0 0 0
0 0 0 0 0 0 0 0 0 0 0
0 0 0 0 0 0 0 0 0 0 0
0 0 0 0 0 0 0 0 0 0 0
0 0 0 0 0 0 0 0 0 0 0
0 0 0 0 0 0 0 0 0 0 0
0 0 0 0 0 0 0 0 0 0 0
0 0 0 0 0 0 0 0 0 0 0
0 0 0 0 0 0 0 0 0 0 0
0 0 0 0 0 0 0 0 0 0 0
0 0 0 0 0 0 0 0 0 0 0
0 0 0 0 0 0 0 0 0 0 0
0 0 0 0 0 0 0 0 0 0 0
0 0 0 0 0 0 0 0 0 0 0
0 0 0 0 0 0 0 0 0 0 0
0 0 0 0 0 0 0 0 0 0 0
0 0 0 0 0 0 0 0 0 0 0
0 0 0 0 0 0 0 0 0 0 0
0 0 0 0 0 0 0 0 0 0 0
0 0 0 0 0 0 0 0 0 0 0
0 0 0 0 0 0 0 0 0 0 0
0 0 0 0 0 0 0 0 0 0 0
0 0 0 0 0 0 0 0 0 0 0
0 0 0 0 0 0 0 0 0 0 0
0 0 0 0 0 0 0 0 0 0 0
0 0 0 0 0 0 0 0 0 0 0
0 0 0 0 0 0 0 0 0 0 0
0 0 0 0 0 0 0 0 0 0 0
0 0 0 0 0 0 0 0 0 0 0
0 0 0 0 0 0 0 0 0 0 0
0 0 0 0 0 0 0 0 0 0 0
0 0 0 0 0 0 0 0 0 0 0
0 0 0 0 0 0 0 0 0 0 0
0 0 0 0 0 0 0 0 0 0 0
0 0 0 0 0 0 0 0 0 0 0
0 0 0 0 0 0 0 0 0 0 0
0 0 0 0 0 0 0 0 0 0 0
0 0 0 0 0 0 0 0 0 0 0
0 0 0 0 0 0 0 0 0 0 0
0 0 0 0 0 0 0 0 0 0 0